%% 7 c

rpi = vecrot([1;0;0],pi/2,[1;2;3])

rpii = vecrot([0;0;1],pi/2,[1;2;3])

rpiii = vecrot([1;1;1],(2*pi/3),[1;2;3])

Riii =[0.0000    1.0000   -0.0000;
   -0.0000    0.0000    1.0000;
    1.0000   -0.0000    0.0000];

